     4677.49871         0.32455         0.00060
     4802.44362         0.34809         0.00018
     4807.96975         0.34863         0.00033
     4828.47878         0.32155         0.00017
     4834.54852         0.31752         0.00019
     4843.80418         0.31687         0.00041
     4861.92855         0.31971         0.00019
     4869.78481         0.31686         0.00041
     4887.37486         0.31719         0.00025
     4897.47367         0.31617         0.00034
     4909.57753         0.31427         0.00021
     4917.98257         0.32678         0.00022
     4931.32779         0.32142         0.00026
     4945.49764         0.31526         0.00015
     4952.99404         0.31118         0.00016
     4966.25960         0.31198         0.00026
     4974.85494         0.30889         0.00031
     4990.26849         0.30610         0.00027
     5003.07556         0.30608         0.00038
     5017.42593         0.30689         0.00033
     5028.48451         0.30690         0.00033
     5038.52113         0.31166         0.00041
     5051.73836         0.32626         0.00042
     5058.47295         0.31339         0.00087
     5152.23791         0.30833         0.00023
     5180.50329         0.31975         0.00018
     5186.82512         0.32226         0.00015
     5201.51145         0.32131         0.00029
     5212.57271         0.32056         0.00015
     5223.90038         0.30979         0.00017
     5239.40280         0.30480         0.00016
     5244.90516         0.30518         0.00015
     5257.51545         0.31304         0.00022
     5272.44387         0.31903         0.00010
     5277.80105         0.30785         0.00014
     5292.92617         0.29770         0.00011
     5298.68341         0.29712         0.00016
     5312.49991         0.29266         0.00024
     5322.09316         0.29475         0.00027
     5333.10290         0.29288         0.00015
     5344.43075         0.29614         0.00022
     5356.47227         0.29624         0.00020
     5362.52139         0.29614         0.00022
     5376.76459         0.30423         0.00028
     5389.01846         0.30275         0.00026
     5408.45151         0.30226         0.00032
     5512.52552         0.30835         0.00033
     5535.42765         0.31293         0.00046
     5543.85367         0.31513         0.00087
     5567.52667         0.32515         0.00019
     5576.63757         0.33028         0.00027
     5588.96075         0.33127         0.00031
     5598.06359         0.32907         0.00017
     5606.75607         0.32916         0.00037
     5622.24427         0.33397         0.00019
     5629.25153         0.32915         0.00023
     5642.95502         0.33213         0.00043
     5653.59911         0.33711         0.00025
     5661.90547         0.33945         0.00032
     5675.45110         0.34070         0.00022
     5684.27918         0.33954         0.00018
     5696.11028         0.33814         0.00019
     5708.42513         0.34012         0.00013
     5727.00844         0.34439         0.00029
     5739.82371         0.34513         0.00017
     5750.41577         0.34469         0.00029
     5767.01259         0.34344         0.00022
     5784.48898         0.34777         0.00064
     5894.04770         0.32663         0.00048
     5922.40315         0.32919         0.00014
     5931.31822         0.32897         0.00022
     5942.46461         0.33478         0.00018
     5952.86368         0.33434         0.00013
     5962.25600         0.33720         0.00022
     5974.68621         0.33904         0.00014
     5987.25428         0.34536         0.00162
     6006.13737         0.34584         0.00016
     6014.30449         0.34622         0.00017
     6023.11643         0.34793         0.00023
     6034.97683         0.34776         0.00018
     6047.22442         0.34678         0.00030
     6061.27616         0.34049         0.00028
     6071.46245         0.33442         0.00030
     6084.04639         0.33227         0.00043
     6095.67952         0.32403         0.00034
     6109.36314         0.32118         0.00034
     6121.97457         0.31915         0.00028
     6135.53486         0.31902         0.00038
     6149.46652         0.32276         0.00059
     6245.03331         0.32156         0.00067
     6259.50173         0.32931         0.00107
     6272.28899         0.33206         0.00031
     6286.14630         0.34181         0.00268
     6304.81837         0.32852         0.00034
     6310.50943         0.32475         0.00019
     6328.47696         0.32130         0.00032
     6332.52467         0.32475         0.00024
     6342.81905         0.32099         0.00059
     6362.19316         0.32941         0.00020
     6369.75501         0.32656         0.00060
     6386.73329         0.31959         0.00085
     6394.92789         0.31971         0.00056
     6409.14223         0.31682         0.00183
     6419.42249         0.31604         0.00084
     6426.11515         0.31822         0.00030
     6442.84964         0.32183         0.00044
     6449.00877         0.32273         0.00046
     6461.17917         0.31434         0.00170
     6474.49233         0.31713         0.00057
     6486.54367         0.30541         0.00056
     6624.42738         0.30433         0.00056
     6650.89540         0.29570         0.00031
     6656.48997         0.29722         0.00015
     6690.78873         0.29868         0.00032
     6693.51139         0.29898         0.00026
     6718.52793         0.27297         0.00025
     6736.74633         0.30026         0.00052
     6746.01785         0.29664         0.00020
     6755.80606         0.29085         0.00146
     6772.76493         0.29575         0.00037
     6780.88488         0.29218         0.00059
     6795.89592         0.28857         0.00037
     6807.08096         0.28475         0.00074
     6817.23679         0.27822         0.00139
     6830.47002         0.27780         0.00026
     6833.93734         0.27514         0.00093
     6849.60998         0.26571         0.00162
     6858.73995         0.26311         0.00085
     6972.29541         0.25909         0.00209
     6988.22194         0.25466         0.00045
     7000.42630         0.26013         0.00136
     7018.19373         0.25453         0.00025
     7036.00555         0.24778         0.00131
     7045.00058         0.24643         0.00018
     7059.39987         0.24170         0.00142
     7071.79899         0.24892         0.00027
     7080.49618         0.24548         0.00156
     7095.15619         0.25086         0.00034
     7106.34930         0.24732         0.00040
     7127.64164         0.25151         0.00048
     7131.53717         0.24077         0.00046
     7152.61229         0.24605         0.00059
     7163.71453         0.24127         0.00014
     7179.28957         0.23757         0.00102
     7190.74280         0.23576         0.00028
     7207.34253         0.23557         0.00130
     7223.52716         0.24112         0.00052
     7341.16716         0.25861         0.00351
     7355.46351         0.26192         0.00192
     7371.51353         0.26685         0.00038
     7382.47731         0.27509         0.00129
     7395.90865         0.27253         0.00100
     7403.11726         0.27728         0.00030
     7414.65333         0.27667         0.00073
     7429.61796         0.27579         0.00020
     7435.66921         0.27384         0.00054
     7450.42700         0.27428         0.00083
     7461.57962         0.27916         0.00031
     7480.05300         0.27894         0.00085
     7492.86956         0.28046         0.00048
     7510.55869         0.27571         0.00049
     7516.79910         0.27616         0.00039
     7533.89778         0.27397         0.00114
     7546.36415         0.27324         0.00084
     7563.11570         0.27140         0.00115
     7574.11814         0.27138         0.00182
     7592.96583         0.27440         0.00086
     7710.77874         0.25043         0.00228
     7721.14464         0.25479         0.00203
     7736.08296         0.24303         0.00264
     7750.25007         0.25012         0.00047
     7761.26773         0.25328         0.00091
     7768.85934         0.25365         0.00199
     7784.52026         0.25519         0.00041
     7794.41813         0.26138         0.00135
     7809.07970         0.25805         0.00047
     7820.65313         0.25986         0.00053
     7830.18902         0.26028         0.00078
     7842.95793         0.25738         0.00045
     7854.36940         0.26187         0.00110
     7873.87414         0.25372         0.00060
     7886.38246         0.25250         0.00069
     7894.62978         0.25135         0.00037
     7901.78253         0.25601         0.00133
     7916.91851         0.24686         0.00068
     7928.18135         0.24176         0.00081
     7937.39752         0.23544         0.00082
     7950.60451         0.23326         0.00119
     7963.29630         0.22970         0.00140
     7972.34115         0.23027         0.00154
     8075.90210         0.21067         0.00061
     8100.25409         0.21611         0.00047
     8106.06884         0.21860         0.00062
     8117.68817         0.22161         0.00135
     8138.25554         0.23070         0.00026
     8142.54232         0.23075         0.00045
     8158.82316         0.22918         0.00092
     8184.90917         0.23565         0.00050
     8194.76729         0.23572         0.00049
     8203.43870         0.22788         0.00167
     8217.29549         0.23308         0.00046
     8231.19554         0.22917         0.00171
     8253.66278         0.23099         0.00030
     8265.85727         0.23173         0.00381
     8288.36223         0.23421         0.00025
     8293.19332         0.23599         0.00049
     8307.35934         0.23451         0.00069
     8317.70013         0.23540         0.00164
     8330.93193         0.23635         0.00113
     8338.56241         0.23399         0.00132
     8437.14653         0.24364         0.00297
     8449.13487         0.24209         0.00220
