     4795.01910        18.16787         0.23358
     4802.72501        17.70272         0.13491
     4830.95266        17.58617         0.10327
     4862.41970        17.34577         0.11536
     4882.34095        17.28122         0.16143
     4888.88110        17.38877         0.22608
     4913.50535        17.42487         0.13150
     4917.84690        16.92826         0.22708
     4950.38523        17.19776         0.10180
     5153.00568        16.01711         0.10255
     5183.78092        16.21908         0.10207
     5211.42615        15.90890         0.16000
     5242.87889        16.59292         0.10194
     5273.28222        16.78265         0.09312
     5276.75240        17.00671         0.22953
     5293.76973        17.32231         0.10192
     5297.27352        17.38089         0.16079
     5332.37397        16.89014         0.13199
     5336.71240        16.89819         0.23130
     5361.19314        17.22797         0.09319
     5383.65190        17.07035         0.26338
     5512.50079        17.21418         0.11548
     5532.52586        16.95037         0.16210
     5539.55829        17.22064         0.16582
     5564.96841        17.72198         0.16030
     5569.95620        18.08035         0.22739
     5597.58037        17.50178         0.13174
     5600.88670        17.69229         0.23449
     5625.11339        17.51299         0.11475
     5649.87430        16.95015         0.23106
     5657.19582        17.64607         0.13248
     5709.89507        18.15768         0.10294
     5727.66150        18.46240         0.23061
     5741.00269        18.40049         0.13285
     5769.65710        18.20502         0.23084
     5893.69938        18.66457         0.13201
     5925.01051        18.40939         0.10330
     5949.51902        18.73201         0.16279
     5955.02869        18.71246         0.16317
     5973.26623        19.47987         0.13304
     5977.95830        19.25133         0.23425
     6008.88293        18.81928         0.16605
     6013.86980        18.88911         0.24191
     6041.24028        18.54758         0.16673
     6046.72064        18.66717         0.16441
     6064.71937        18.69836         0.16338
     6071.24474        18.87829         0.16761
     6075.65000        18.77536         0.23594
     6092.96546        18.96269         0.13243
     6097.64470        19.00217         0.16232
     6126.65580        18.55244         0.23287
     6245.02830        18.26058         0.23030
     6271.02565        18.39116         0.16159
     6307.56666        17.90187         0.13483
     6312.97650        18.05254         0.23476
     6331.33148        18.61366         0.13338
     6357.87829        19.04499         0.16568
     6363.90459        18.90143         0.16356
     6395.27326        18.40477         0.16383
     6421.71706        18.83965         0.16277
     6426.69693        18.92969         0.16125
     6443.73880        18.68626         0.13240
     6448.71107        18.71373         0.16217
     6624.05358        18.27210         0.11538
     6653.01318        18.36034         0.13188
     6658.07152        18.76761         0.16413
     6692.00881        18.69617         0.16266
     6698.05660        18.50275         0.22786
     6714.91660        18.59035         0.22822
     6743.90224        18.62029         0.16275
     6748.76210        18.52801         0.16251
     6773.76599        18.58079         0.16378
     6779.72191        18.49107         0.16333
     6799.73582        18.49943         0.16272
     6803.75700        18.75590         0.22799
     6829.66677        18.34921         0.13175
     6833.66350        18.50241         0.22552
     6987.08672        17.36548         0.11535
     7017.01063        17.15262         0.16007
     7044.96601        16.89701         0.13145
     7050.99560        16.71136         0.22695
     7068.42528        16.47100         0.16294
     7071.95330        16.74238         0.22886
     7100.91329        16.27058         0.16190
     7106.83403        16.57177         0.16136
     7127.30117        16.48765         0.16034
     7130.84300        15.98137         0.22783
     7162.71472        16.25728         0.13075
     7166.67610        16.19147         0.22920
     7189.20086        15.80653         0.16033
     7194.18242        15.80048         0.16277
     7369.02659        15.70035         0.16244
     7373.00720        15.84794         0.23072
     7400.50421        15.60974         0.16586
     7405.99640        15.63970         0.22612
     7428.88497        15.97966         0.13190
     7460.86946        16.30814         0.13237
     7464.80710        16.23724         0.23226
     7492.71813        16.42785         0.16076
     7512.78854        16.92542         0.16085
     7518.73816        16.91463         0.16170
     7718.04580        17.30392         0.22936
     7751.00341        17.35339         0.12442
     7759.36500        17.60210         0.12631
     7765.39850        17.40339         0.14871
     7775.44700        17.16446         0.08696
     7782.02225        17.55394         0.08264
     7789.32550        17.55170         0.14883
     7802.71046        17.61513         0.10692
     7812.90190        17.30330         0.09897
     7823.04091        17.43510         0.11158
     7835.15350        17.14313         0.14980
     7842.80150        17.28539         0.22744
     7849.23740        17.15070         0.14942
     7857.15140        17.54239         0.15294
     7863.27350        17.42665         0.15139
     7875.37981        17.28125         0.08788
     7885.94833        17.19921         0.09652
     7891.75681        17.19490         0.16272
     7895.83436        17.30031         0.11026
     7914.86286        17.46552         0.11363
     7918.64083        17.36590         0.12593
     7933.72395        17.71776         0.16234
     8074.01840        17.33250         0.22938
     8080.01740        16.77295         0.22438
     8098.51698        17.07270         0.16019
     8103.98210        16.67834         0.22615
     8131.95271        16.20188         0.15950
     8140.44921        16.22714         0.15930
     8159.93082        15.87420         0.15996
     8184.90150        16.23948         0.22802
     8194.36332        15.96749         0.16016
     8218.90564        15.69001         0.14568
     8253.60905        15.76800         0.14737
     8281.72310        15.47821         0.24789
     8290.69075        15.84931         0.14346
     8305.68980        15.74279         0.24642
