     4477.88146        30.79069         0.07954
     4488.09613        30.84310         0.09973
     4502.51676        30.71826         0.08711
     4508.42188        30.47987         0.13480
     4549.99855        29.92186         0.07655
     4558.19807        29.73043         0.11564
     4584.74517        30.58752         0.18653
     4605.07654        30.60147         0.07083
     4616.62872        30.29107         0.09376
     4629.10672        30.30169         0.08495
     4636.12830        30.22219         0.17857
     4662.31169        30.14975         0.10491
     4671.37115        30.77799         0.15611
     4682.19168        30.19689         0.09434
     4694.36867        30.01836         0.07640
     4707.67863        29.49102         0.08159
     4766.33590        28.73582         0.08141
     4778.69236        28.68397         0.07141
     4790.40831        28.27546         0.07599
     4798.93838        27.78369         0.14109
     4811.32157        27.54298         0.07734
     4821.94920        27.44372         0.09277
     4854.39528        26.97963         0.06704
     4864.54357        27.18511         0.06435
     4876.63236        27.14858         0.06393
     4888.27121        27.31187         0.09383
     4901.97613        27.50260         0.08024
     4908.42197        27.73168         0.10310
     4921.23878        27.98529         0.08905
     4937.44703        28.27657         0.10140
     4948.10690        28.41906         0.11400
     4967.08587        28.89055         0.11242
     4977.17634        29.22025         0.15390
     4987.34867        29.11139         0.15077
     5006.16686        29.60896         0.19282
     5019.68037        29.48419         0.12983
     5039.42280        29.59172         0.16160
     5060.39914        29.33193         0.14768
     5080.33953        29.12407         0.14823
     5093.50475        28.61047         0.14746
     5116.25419        28.39106         0.16306
     5142.34404        29.02187         0.14451
     5151.13891        28.80159         0.21796
     5167.19212        28.87956         0.21127
     5187.81490        28.34064         0.10972
     5200.36257        28.08219         0.11268
     5212.61155        28.25331         0.18776
     5223.31205        27.51804         0.13195
     5242.52878        28.05127         0.12274
     5257.87679        28.14500         0.12756
     5277.27892        29.04792         0.16752
     5293.84716        30.00260         0.18600
     5306.46112        29.21214         0.24878
     5323.85148        29.21400         0.17773
     5337.85955        29.69995         0.14951
     5352.30483        29.70091         0.30825
     5363.60989        30.08777         0.21039
     5383.37417        30.36034         0.17295
     5395.56120        29.91732         0.33678
     5494.76247        28.84742         0.11599
     5522.73298        28.89778         0.11785
     5535.39837        28.51916         0.12602
     5581.04704        28.19163         0.10412
     5609.19796        27.42003         0.12108
     5622.32844        27.11967         0.11156
     5634.81258        26.99623         0.17712
     5650.04884        26.73595         0.15449
     5668.32137        26.30307         0.10604
     5681.57664        26.18208         0.14034
     5694.97165        25.92198         0.10462
     5705.71027        25.80451         0.32230
     5729.75708        25.65263         0.16346
     5738.81332        25.19068         0.27672
     5763.21653        24.85589         0.14198
     5805.91357        22.84898         0.15599
     5823.28999        22.01781         0.40224
     5846.51658        22.22993         0.15655
     5860.07964        22.51520         0.12753
     5870.83564        22.63030         0.18649
     5885.79034        22.37807         0.08437
     5905.10772        22.21517         0.13983
     5923.37096        22.27899         0.12415
     5935.84888        21.84653         0.11578
     5948.96569        21.64478         0.10705
     5965.71668        21.69765         0.09131
     5975.82324        21.63069         0.18527
     5993.11824        21.37121         0.10645
     6003.71416        21.03520         0.12861
     6014.07374        21.19596         0.12757
     6031.20613        21.14870         0.13580
     6037.77711        20.74638         0.26964
     6054.65950        21.12464         0.13472
     6061.34961        20.76370         0.16554
     6139.51324        19.27932         0.24088
     6159.47771        17.91971         0.18027
     6173.56003        18.03969         0.11578
     6185.92882        17.76731         0.10975
     6231.54183        17.79210         0.08491
     6243.96467        17.50579         0.10054
     6252.80135        17.49287         0.12393
     6260.91829        17.60641         0.08944
     6275.06587        17.26238         0.11777
     6281.46622        17.34868         0.10842
     6306.04856        17.48560         0.06247
     6313.11933        17.58243         0.12896
     6328.32921        17.72472         0.07224
     6346.89591        17.86489         0.15117
     6365.73184        17.86685         0.07286
     6383.49418        18.19702         0.17563
     6404.69204        18.31973         0.17561
     6423.94328        18.82690         0.12120
     6463.00634        19.64196         0.10038
     6506.38714        20.16580         0.24438
     6534.30997        19.43157         0.26213
     6547.31840        19.35753         0.17707
     6582.22940        18.93456         0.24594
     6592.27218        19.23064         0.11062
     6606.52363        18.98515         0.05785
     6621.72163        18.99205         0.08924
     6628.67480        18.58897         0.08257
     6642.47926        18.65823         0.07712
     6654.99809        18.38125         0.06595
     6675.24389        18.00911         0.06221
     6693.04976        18.04406         0.12106
     6702.66456        17.99760         0.12277
     6711.48221        17.74524         0.10192
     6737.08288        17.51909         0.11175
     6750.77696        17.66265         0.07971
     6761.26140        17.77985         0.08313
     6768.20020        17.52006         0.12761
     6783.58701        17.74400         0.13403
     6791.27634        18.05827         0.09995
     6831.59482        17.64956         0.07451
     6875.56382        17.23417         0.21430
     6888.25430        16.39351         0.09659
     6902.88035        16.19689         0.06001
     6915.33214        16.07670         0.07862
     6947.24074        16.27285         0.14305
     6973.77684        17.03390         0.08825
     6986.17426        17.03675         0.13312
     6993.06484        16.83230         0.13795
     7010.94378        16.27717         0.09461
     7021.04899        16.31285         0.12738
     7042.14341        16.19803         0.08428
     7061.57365        16.34549         0.10323
     7079.57791        16.48382         0.09576
     7092.75108        16.56054         0.13415
     7120.46257        17.10417         0.09895
     7147.41369        18.05250         0.09524
     7170.55854        18.47599         0.07745
     7176.66567        18.64272         0.12532
     7229.58589        19.67650         0.31253
     7254.02359        20.67108         0.11488
     7265.44694        20.60733         0.19869
     7284.12994        19.46376         0.17173
     7304.39675        19.18684         0.16395
     7320.31844        19.05246         0.38192
     7354.67375        19.27417         0.11675
     7371.95613        18.95815         0.15104
     7392.94003        19.03253         0.14417
     7400.65779        19.27357         0.12379
     7410.06468        19.70119         0.15124
     7431.23844        19.98522         0.09485
     7441.37851        20.06716         0.12420
     7452.97832        20.54307         0.18141
     7468.46647        20.92055         0.16207
     7512.71895        22.18731         0.19759
     7540.86580        23.16130         0.14060
     7549.71524        23.77407         0.30939
     7566.69616        23.58064         0.18343
     7589.57235        24.02829         0.12659
     7620.29662        23.83714         0.22966
     7626.10183        23.34745         0.17727
     7647.56625        22.55888         0.15825
     7671.09984        22.34752         0.13199
     7682.37029        21.51287         0.12468
     7703.46192        21.63834         0.11789
     7712.26517        20.99309         0.75616
     7727.35438        21.53493         0.14407
     7746.44529        21.07916         0.11229
     7753.11009        20.92826         0.16393
     7769.09780        21.02078         0.17661
     7784.09307        21.41824         0.15466
     7812.83356        20.74751         0.10629
     7863.98775        19.89114         0.12883
     7883.04583        19.56795         0.14198
     7899.16828        19.16974         0.14448
     7917.56756        18.86495         0.37147
     7953.45730        18.22289         0.14343
     7993.48208        18.13499         0.33144
     8010.52306        17.96177         0.14228
     8043.85373        17.71721         0.12997
     8064.07798        17.60549         0.08532
     8078.80414        17.66031         0.13862
     8093.28795        18.15943         0.10764
     8129.37008        17.49044         0.11742
     8138.78992        17.85354         0.09893
     8149.38390        18.26495         0.09870
     8165.17252        18.30625         0.12481
     8215.22516        17.85756         0.11120
     8227.44877        17.16259         0.09561
     8253.06599        17.01890         0.11582
     8264.01179        16.96811         0.18316
     8280.54866        17.18855         0.13036
     8324.63468        17.30737         0.10180
     8418.33096        18.95117         0.16362
     8432.93319        19.13267         0.13072
     8453.07482        19.19022         0.11014
     8460.91235        19.02593         0.13115
     8475.86670        18.73737         0.12135
     8493.56486        18.37599         0.24155
     8512.34302        18.32715         0.10030
     8519.91231        18.06836         0.17453
     8542.96740        17.52870         0.13477
     8564.70812        17.67707         0.11989
     8576.40231        17.54055         0.09712
     8590.48678        17.88592         0.14072
     8609.17386        18.23954         0.11916
     8644.90519        18.52203         0.10078
     8657.33694        18.86233         0.09782
     8667.48281        19.67966         0.26976
     8681.44610        19.91296         0.16927
     8696.10205        20.33782         0.15091
     8710.21045        20.61039         0.16998
     8724.07959        19.74767         0.15093
     8739.35103        19.61322         0.87682
     8780.34776        18.08443         0.07699
     8791.48215        17.74076         0.05693
     8800.59039        18.43165         0.10623
     8811.07655        19.26827         0.14369
     8837.31924        19.34196         0.10964
     8874.07743        19.67877         0.28867
